inicijalno <expr> <atom> 
OPERAND OP_MINUS UMINUS LIJEVA_ZAGRADA DESNA_ZAGRADA $ 
OPERAND UMINUS LIJEVA_ZAGRADA 
$ 5 <atom> 8 <expr> 7 DESNA_ZAGRADA 4 LIJEVA_ZAGRADA 3 OPERAND 0 OP_MINUS 1 UMINUS 2 inicijalno 6 
0 <expr> <atom> 
1 <atom> OPERAND 
2 <atom> UMINUS <atom> 
3 <expr> <expr> OP_MINUS <atom> 
4 <atom> LIJEVA_ZAGRADA <expr> DESNA_ZAGRADA 

0,4 4,0 0,5 0,3 4,0 4,0 4,0 3,2 3,1 
4,0 1,0 4,0 4,0 4,0 1,0 4,0 4,0 4,0 
4,0 0,6 4,0 4,0 4,0 2,0 4,0 4,0 4,0 
0,10 4,0 0,11 0,9 4,0 4,0 4,0 3,8 3,7 
4,0 1,1 4,0 4,0 4,0 1,1 4,0 4,0 4,0 
0,4 4,0 0,5 0,3 4,0 4,0 4,0 4,0 3,12 
0,4 4,0 0,5 0,3 4,0 4,0 4,0 4,0 3,13 
4,0 1,0 4,0 4,0 1,0 4,0 4,0 4,0 4,0 
4,0 0,15 4,0 4,0 0,14 4,0 4,0 4,0 4,0 
0,10 4,0 0,11 0,9 4,0 4,0 4,0 3,16 3,7 
4,0 1,1 4,0 4,0 1,1 4,0 4,0 4,0 4,0 
0,10 4,0 0,11 0,9 4,0 4,0 4,0 4,0 3,17 
4,0 1,2 4,0 4,0 4,0 1,2 4,0 4,0 4,0 
4,0 1,3 4,0 4,0 4,0 1,3 4,0 4,0 4,0 
4,0 1,4 4,0 4,0 4,0 1,4 4,0 4,0 4,0 
0,10 4,0 0,11 0,9 4,0 4,0 4,0 4,0 3,18 
4,0 0,15 4,0 4,0 0,19 4,0 4,0 4,0 4,0 
4,0 1,2 4,0 4,0 1,2 4,0 4,0 4,0 4,0 
4,0 1,3 4,0 4,0 1,3 4,0 4,0 4,0 4,0 
4,0 1,4 4,0 4,0 1,4 4,0 4,0 4,0 4,0 
